obs_wl_air(nm),ritz_wl_air(nm),intens,Aki(s^-1),Acc,Ei(cm-1),Ek(cm-1),Type,tp_ref,line_ref,
"=""200.145""","=""""","=""9600""","=""""",,"=""""","=""""",,"=""""","=""L3475""",
"=""200.373""","=""""","=""13000""","=""""",,"=""""","=""""",,"=""""","=""L3475""",
"=""201.015""","=""""","=""17000""","=""""",,"=""""","=""""",,"=""""","=""L3475""",
"=""201.814""","=""""","=""29000""","=""""",,"=""""","=""""",,"=""""","=""L3475""",
"=""202.276""","=""""","=""14000""","=""""",,"=""""","=""""",,"=""""","=""L3475""",
"=""202.823""","=""""","=""14000""","=""""",,"=""""","=""""",,"=""""","=""L3475""",
"=""203.444""","=""""","=""18000""","=""""",,"=""""","=""""",,"=""""","=""L3475""",
"=""204.536""","=""""","=""26000""","=""""",,"=""""","=""""",,"=""""","=""L3475""",
"=""205.869""","=""""","=""8600""","=""""",,"=""""","=""""",,"=""""","=""L3475""",
"=""205.878""","=""""","=""""","=""""",,"=""""","=""""",,"=""""","=""L3475""",
"=""206.169""","=""""","=""13000""","=""""",,"=""""","=""""",,"=""""","=""L3475""",
"=""207.695""","=""""","=""7200""","=""""",,"=""""","=""""",,"=""""","=""L3475""",
"=""207.997""","=""""","=""14000""","=""""",,"=""""","=""""",,"=""""","=""L3475""",
"=""208.254""","=""""","=""2900""","=""""",,"=""""","=""""",,"=""""","=""L3475""",
"=""208.903""","=""""","=""2900""","=""""",,"=""""","=""""",,"=""""","=""L3475""",
"=""208.921""","=""""","=""2900""","=""""",,"=""""","=""""",,"=""""","=""L3475""",
"=""209.760""","=""""","=""6000""","=""""",,"=""""","=""""",,"=""""","=""L3475""",
"=""210.063""","=""""","=""5300""","=""""",,"=""""","=""""",,"=""""","=""L3475""",
"=""211.766""","=""""","=""2100""","=""""",,"=""""","=""""",,"=""""","=""L3475""",
"=""211.796""","=""""","=""4800""","=""""",,"=""""","=""""",,"=""""","=""L3475""",
"=""212.384""","=""""","=""1900""","=""""",,"=""""","=""""",,"=""""","=""L3475""",
"=""213.711""","=""""","=""5300""","=""""",,"=""""","=""""",,"=""""","=""L3475""",
"=""215.459""","=""""","=""2600""","=""""",,"=""""","=""""",,"=""""","=""L3475""",
"=""215.784""","=""""","=""1300""","=""""",,"=""""","=""""",,"=""""","=""L3475""",
"=""215.853""","=""""","=""1200""","=""""",,"=""""","=""""",,"=""""","=""L3475""",
"=""216.690""","=""""","=""3100""","=""""",,"=""""","=""""",,"=""""","=""L3475""",
"=""216.775""","=""""","=""1100""","=""""",,"=""""","=""""",,"=""""","=""L3475""",
"=""217.165""","=""""","=""2100""","=""""",,"=""""","=""""",,"=""""","=""L3475""",
"=""218.468""","=""""","=""960""","=""""",,"=""""","=""""",,"=""""","=""L3475""",
"=""220.249""","=""""","=""760""","=""""",,"=""""","=""""",,"=""""","=""L3475""",
"=""222.798""","=""""","=""600""","=""""",,"=""""","=""""",,"=""""","=""L3475""",
"=""223.461""","=""""","=""1100""","=""""",,"=""""","=""""",,"=""""","=""L3475""",
"=""225.215""","=""""","=""1300""","=""""",,"=""""","=""""",,"=""""","=""L3475""",
"=""226.460""","=""""","=""1400""","=""""",,"=""""","=""""",,"=""""","=""L3475""",
"=""226.828""","=""""","=""360""","=""""",,"=""""","=""""",,"=""""","=""L3475""",
"=""227.017""","=""""","=""960""","=""""",,"=""""","=""""",,"=""""","=""L3475""",
"=""228.367""","=""""","=""840""","=""""",,"=""""","=""""",,"=""""","=""L3475""",
"=""228.932""","=""""","=""570""","=""""",,"=""""","=""""",,"=""""","=""L3475""",
"=""229.731""","=""""","=""380""","=""""",,"=""""","=""""",,"=""""","=""L3475""",
"=""230.831""","=""""","=""660""","=""""",,"=""""","=""""",,"=""""","=""L3475""",
"=""232.018""","=""""","=""550""","=""""",,"=""""","=""""",,"=""""","=""L3475""",
"=""232.398""","=""""","=""310""","=""""",,"=""""","=""""",,"=""""","=""L3475""",
"=""232.424""","=""""","=""660""","=""""",,"=""""","=""""",,"=""""","=""L3475""",
"=""232.699""","=""""","=""330""","=""""",,"=""""","=""""",,"=""""","=""L3475""",
"=""233.456""","=""""","=""310""","=""""",,"=""""","=""""",,"=""""","=""L3475""",
"=""233.863""","=""""","=""430""","=""""",,"=""""","=""""",,"=""""","=""L3475""",
"=""234.069""","=""""","=""290""","=""""",,"=""""","=""""",,"=""""","=""L3475""",
"=""234.374""","=""""","=""430""","=""""",,"=""""","=""""",,"=""""","=""L3475""",
"=""234.575""","=""""","=""260""","=""""",,"=""""","=""""",,"=""""","=""L3475""",
"=""234.738""","=""""","=""430""","=""""",,"=""""","=""""",,"=""""","=""L3475""",
"=""235.299""","=""""","=""360""","=""""",,"=""""","=""""",,"=""""","=""L3475""",
"=""235.692""","=""""","=""240""","=""""",,"=""""","=""""",,"=""""","=""L3475""",
"=""235.725""","=""""","=""240""","=""""",,"=""""","=""""",,"=""""","=""L3475""",
"=""236.241""","=""""","=""310""","=""""",,"=""""","=""""",,"=""""","=""L3475""",
"=""236.277""","=""""","=""900""","=""""",,"=""""","=""""",,"=""""","=""L3475""",
"=""236.924""","=""""","=""290""","=""""",,"=""""","=""""",,"=""""","=""L3475""",
"=""237.070""","=""""","=""500""","=""""",,"=""""","=""""",,"=""""","=""L3475""",
"=""237.118""","=""""","=""480""","=""""",,"=""""","=""""",,"=""""","=""L3475""",
"=""237.703""","=""""","=""2600""","=""""",,"=""""","=""""",,"=""""","=""L3475""",
"=""237.761""","=""""","=""260""","=""""",,"=""""","=""""",,"=""""","=""L3475""",
"=""237.939""","=""""","=""900""","=""""",,"=""""","=""""",,"=""""","=""L3475""",
"=""238.462""","=""""","=""240""","=""""",,"=""""","=""""",,"=""""","=""L3475""",
"=""238.729""","=""""","=""1700""","=""""",,"=""""","=""""",,"=""""","=""L3475""",
"=""239.429""","=""""","=""330""","=""""",,"=""""","=""""",,"=""""","=""L3475""",
"=""239.539""","=""""","=""290""","=""""",,"=""""","=""""",,"=""""","=""L3475""",
"=""239.588""","=""""","=""1100""","=""""",,"=""""","=""""",,"=""""","=""L3475""",
"=""239.678""","=""""","=""220""","=""""",,"=""""","=""""",,"=""""","=""L3475""",
"=""240.113""","=""""","=""960""","=""""",,"=""""","=""""",,"=""""","=""L3475""",
"=""240.223""","=""""","=""260""","=""""",,"=""""","=""""",,"=""""","=""L3475""",
"=""240.354""","=""""","=""200""","=""""",,"=""""","=""""",,"=""""","=""L3475""",
"=""240.385""","=""""","=""330""","=""""",,"=""""","=""""",,"=""""","=""L3475""",
"=""240.545""","=""""","=""290""","=""""",,"=""""","=""""",,"=""""","=""L3475""",
"=""240.596""","=""""","=""200""","=""""",,"=""""","=""""",,"=""""","=""L3475""",
"=""240.867""","=""""","=""360""","=""""",,"=""""","=""""",,"=""""","=""L3475""",
"=""241.098""","=""""","=""240""","=""""",,"=""""","=""""",,"=""""","=""L3475""",
"=""241.452""","=""""","=""290""","=""""",,"=""""","=""""",,"=""""","=""L3475""",
"=""241.799""","=""""","=""530""","=""""",,"=""""","=""""",,"=""""","=""L3475""",
"=""241.853""","=""""","=""530""","=""""",,"=""""","=""""",,"=""""","=""L3475""",
"=""242.456""","=""""","=""500""","=""""",,"=""""","=""""",,"=""""","=""L3475""",
"=""242.497""","=""""","=""1400""","=""""",,"=""""","=""""",,"=""""","=""L3475""",
"=""242.681""","=""""","=""240""","=""""",,"=""""","=""""",,"=""""","=""L3475""",
"=""243.119""","=""""","=""380""","=""""",,"=""""","=""""",,"=""""","=""L3475""",
"=""243.161""","=""""","=""380""","=""""",,"=""""","=""""",,"=""""","=""L3475""",
"=""244.602""","=""""","=""360""","=""""",,"=""""","=""""",,"=""""","=""L3475""",
"=""245.074""","=""""","=""900""","=""""",,"=""""","=""""",,"=""""","=""L3475""",
"=""245.173""","=""""","=""530""","=""""",,"=""""","=""""",,"=""""","=""L3475""",
"=""245.390""","=""""","=""530""","=""""",,"=""""","=""""",,"=""""","=""L3475""",
"=""245.646""","=""""","=""530""","=""""",,"=""""","=""""",,"=""""","=""L3475""",
"=""246.142""","=""""","=""1800""","=""""",,"=""""","=""""",,"=""""","=""L3475""",
"=""247.228""","=""""","=""290""","=""""",,"=""""","=""""",,"=""""","=""L3475""",
"=""247.478""","=""""","=""290""","=""""",,"=""""","=""""",,"=""""","=""L3475""",
"=""247.684""","=""""","=""900""","=""""",,"=""""","=""""",,"=""""","=""L3475""",
"=""248.243""","=""""","=""360""","=""""",,"=""""","=""""",,"=""""","=""L3475""",
"=""248.855""","=""""","=""4500""","=""""",,"=""""","=""""",,"=""""","=""L3475""",
"=""249.102""","=""""","=""290""","=""""",,"=""""","=""""",,"=""""","=""L3475""",
"=""249.169""","=""""","=""290""","=""""",,"=""""","=""""",,"=""""","=""L3475""",
"=""249.242""","=""""","=""360""","=""""",,"=""""","=""""",,"=""""","=""L3475""",
"=""249.841""","=""""","=""2600""","=""""",,"=""""","=""""",,"=""""","=""L3475""",
"=""249.992""","=""""","=""330""","=""""",,"=""""","=""""",,"=""""","=""L3475""",
"=""250.229""","=""""","=""330""","=""""",,"=""""","=""""",,"=""""","=""L3475""",
"=""250.439""","=""""","=""500""","=""""",,"=""""","=""""",,"=""""","=""L3475""",
"=""250.451""","=""""","=""260""","=""""",,"=""""","=""""",,"=""""","=""L3475""",
"=""251.287""","=""""","=""660""","=""""",,"=""""","=""""",,"=""""","=""L3475""",
"=""251.325""","=""""","=""2400""","=""""",,"=""""","=""""",,"=""""","=""L3475""",
"=""251.504""","=""""","=""660""","=""""",,"=""""","=""""",,"=""""","=""L3475""",
"=""251.792""","=""""","=""500""","=""""",,"=""""","=""""",,"=""""","=""L3475""",
"=""251.844""","=""""","=""660""","=""""",,"=""""","=""""",,"=""""","=""L3475""",
"=""251.929""","=""""","=""200""","=""""",,"=""""","=""""",,"=""""","=""L3475""",
"=""251.979""","=""""","=""330""","=""""",,"=""""","=""""",,"=""""","=""L3475""",
"=""253.244""","=""""","=""200""","=""""",,"=""""","=""""",,"=""""","=""L3475""",
"=""253.810""","=""""","=""240""","=""""",,"=""""","=""""",,"=""""","=""L3475""",
"=""254.251""","=""""","=""1000""","=""""",,"=""""","=""""",,"=""""","=""L3475""",
"=""255.446""","=""""","=""310""","=""""",,"=""""","=""""",,"=""""","=""L3475""",
"=""256.649""","=""""","=""600""","=""""",,"=""""","=""""",,"=""""","=""L3475""",
"=""256.688""","=""""","=""290""","=""""",,"=""""","=""""",,"=""""","=""L3475""",
"=""256.883""","=""""","=""480""","=""""",,"=""""","=""""",,"=""""","=""L3475""",
"=""257.178""","=""""","=""340""","=""""",,"=""""","=""""",,"=""""","=""L3475""",
"=""258.105""","=""""","=""360""","=""""",,"=""""","=""""",,"=""""","=""L3475""",
"=""258.196""","=""""","=""740""","=""""",,"=""""","=""""",,"=""""","=""L3475""",
"=""259.076""","=""""","=""1000""","=""""",,"=""""","=""""",,"=""""","=""L3475""",
"=""259.198""","=""""","=""200""","=""""",,"=""""","=""""",,"=""""","=""L3475""",
"=""260.920""","=""""","=""210""","=""""",,"=""""","=""""",,"=""""","=""L3475""",
"=""260.956""","=""""","=""380""","=""""",,"=""""","=""""",,"=""""","=""L3475""",
"=""261.078""","=""""","=""400""","=""""",,"=""""","=""""",,"=""""","=""L3475""",
"=""261.263""","=""""","=""470""","=""""",,"=""""","=""""",,"=""""","=""L3475""",
"=""261.306""","=""""","=""1800""","=""""",,"=""""","=""""",,"=""""","=""L3475""",
"=""261.994""","=""""","=""800""","=""""",,"=""""","=""""",,"=""""","=""L3475""",
"=""262.062""","=""""","=""230""","=""""",,"=""""","=""""",,"=""""","=""L3475""",
"=""262.182""","=""""","=""530""","=""""",,"=""""","=""""",,"=""""","=""L3475""",
"=""262.848""","=""""","=""380""","=""""",,"=""""","=""""",,"=""""","=""L3475""",
"=""263.713""","=""""","=""3800""","=""""",,"=""""","=""""",,"=""""","=""L3475""",
"=""264.411""","=""""","=""1900""","=""""",,"=""""","=""""",,"=""""","=""L3475""",
"=""264.689""","=""""","=""340""","=""""",,"=""""","=""""",,"=""""","=""L3475""",
"=""264.773""","=""""","=""380""","=""""",,"=""""","=""""",,"=""""","=""L3475""",
"=""264.934""","=""""","=""380""","=""""",,"=""""","=""""",,"=""""","=""L3475""",
"=""265.668""","=""""","=""490""","=""""",,"=""""","=""""",,"=""""","=""L3475""",
"=""265.860""","=""""","=""1900""","=""""",,"=""""","=""""",,"=""""","=""L3475""",
"=""265.983""","=""""","=""640""","=""""",,"=""""","=""""",,"=""""","=""L3475""",
"=""266.118""","=""""","=""380""","=""""",,"=""""","=""""",,"=""""","=""L3475""",
"=""267.457""","=""""","=""580""","=""""",,"=""""","=""""",,"=""""","=""L3475""",
"=""267.488""","=""""","=""400""","=""""",,"=""""","=""""",,"=""""","=""L3475""",
"=""268.982""","=""""","=""2100""","=""""",,"=""""","=""""",,"=""""","=""L3475""",
"=""269.959""","=""""","=""510""","=""""",,"=""""","=""""",,"=""""","=""L3475""",
"=""270.670""","=""""","=""580""","=""""",,"=""""","=""""",,"=""""","=""L3475""",
"=""271.464""","=""""","=""3000""","=""""",,"=""""","=""""",,"=""""","=""L3475""",
"=""271.536""","=""""","=""580""","=""""",,"=""""","=""""",,"=""""","=""L3475""",
"=""272.004""","=""""","=""1300""","=""""",,"=""""","=""""",,"=""""","=""L3475""",
"=""272.186""","=""""","=""850""","=""""",,"=""""","=""""",,"=""""","=""L3475""",
"=""273.061""","=""""","=""580""","=""""",,"=""""","=""""",,"=""""","=""L3475""",
"=""273.280""","=""""","=""580""","=""""",,"=""""","=""""",,"=""""","=""L3475""",
"=""276.142""","=""""","=""690""","=""""",,"=""""","=""""",,"=""""","=""L3475""",
"=""276.327""","=""""","=""470""","=""""",,"=""""","=""""",,"=""""","=""L3475""",
"=""276.504""","=""""","=""340""","=""""",,"=""""","=""""",,"=""""","=""L3475""",
"=""277.071""","=""""","=""960""","=""""",,"=""""","=""""",,"=""""","=""L3475""",
"=""277.691""","=""""","=""300""","=""""",,"=""""","=""""",,"=""""","=""L3475""",
"=""278.255""","=""""","=""740""","=""""",,"=""""","=""""",,"=""""","=""L3475""",
"=""278.631""","=""""","=""640""","=""""",,"=""""","=""""",,"=""""","=""L3475""",
"=""279.399""","=""""","=""230""","=""""",,"=""""","=""""",,"=""""","=""L3475""",
"=""279.419""","=""""","=""230""","=""""",,"=""""","=""""",,"=""""","=""L3475""",
"=""279.673""","=""""","=""530""","=""""",,"=""""","=""""",,"=""""","=""L3475""",
"=""280.407""","=""""","=""320""","=""""",,"=""""","=""""",,"=""""","=""L3475""",
"=""280.691""","=""""","=""2800""","=""""",,"=""""","=""""",,"=""""","=""L3475""",
"=""280.894""","=""""","=""470""","=""""",,"=""""","=""""",,"=""""","=""L3475""",
"=""281.384""","=""""","=""420""","=""""",,"=""""","=""""",,"=""""","=""L3475""",
"=""281.420""","=""""","=""740""","=""""",,"=""""","=""""",,"=""""","=""L3475""",
"=""281.578""","=""""","=""300""","=""""",,"=""""","=""""",,"=""""","=""L3475""",
"=""282.927""","=""""","=""420""","=""""",,"=""""","=""""",,"=""""","=""L3475""",
"=""283.742""","=""""","=""230""","=""""",,"=""""","=""""",,"=""""","=""L3475""",
"=""283.817""","=""""","=""470""","=""""",,"=""""","=""""",,"=""""","=""L3475""",
"=""283.863""","=""""","=""5100""","=""""",,"=""""","=""""",,"=""""","=""L3475""",
"=""284.160""","=""""","=""740""","=""""",,"=""""","=""""",,"=""""","=""L3475""",
"=""284.440""","=""""","=""2300""","=""""",,"=""""","=""""",,"=""""","=""L3475""",
"=""284.639""","=""""","=""420""","=""""",,"=""""","=""""",,"=""""","=""L3475""",
"=""284.825""","=""""","=""420""","=""""",,"=""""","=""""",,"=""""","=""L3475""",
"=""285.076""","=""""","=""1500""","=""""",,"=""""","=""""",,"=""""","=""L3475""",
"=""286.096""","=""""","=""1500""","=""""",,"=""""","=""""",,"=""""","=""L3475""",
"=""287.496""","=""""","=""360""","=""""",,"=""""","=""""",,"=""""","=""L3475""",
"=""287.840""","=""""","=""300""","=""""",,"=""""","=""""",,"=""""","=""L3475""",
"=""289.606""","=""""","=""260""","=""""",,"=""""","=""""",,"=""""","=""L3475""",
"=""290.906""","=""""","=""9600""","=""""",,"=""""","=""""",,"=""""","=""L3475""",
"=""291.233""","=""""","=""2100""","=""""",,"=""""","=""""",,"=""""","=""L3475""",
"=""291.726""","=""""","=""530""","=""""",,"=""""","=""""",,"=""""","=""L3475""",
"=""291.979""","=""""","=""2100""","=""""",,"=""""","=""""",,"=""""","=""L3475""",
"=""292.557""","=""""","=""300""","=""""",,"=""""","=""""",,"=""""","=""L3475""",
"=""292.951""","=""""","=""360""","=""""",,"=""""","=""""",,"=""""","=""L3475""",
"=""293.128""","=""""","=""510""","=""""",,"=""""","=""""",,"=""""","=""L3475""",
"=""293.464""","=""""","=""260""","=""""",,"=""""","=""""",,"=""""","=""L3475""",
"=""294.285""","=""""","=""200""","=""""",,"=""""","=""""",,"=""""","=""L3475""",
"=""294.823""","=""""","=""1100w""","=""""",,"=""""","=""""",,"=""""","=""L3475""",
"=""294.953""","=""""","=""1400""","=""""",,"=""""","=""""",,"=""""","=""L3475""",
"=""294.981""","=""""","=""210bl""","=""""",,"=""""","=""""",,"=""""","=""L3475""",
"=""296.101""","=""""","=""300""","=""""",,"=""""","=""""",,"=""""","=""L3475""",
"=""296.215""","=""""","=""530""","=""""",,"=""""","=""""",,"=""""","=""L3475""",
"=""296.406""","=""""","=""450""","=""""",,"=""""","=""""",,"=""""","=""L3475""",
"=""297.097""","=""""","=""740""","=""""",,"=""""","=""""",,"=""""","=""L3475""",
"=""297.764""","=""""","=""450""","=""""",,"=""""","=""""",,"=""""","=""L3475""",
"=""298.290""","=""""","=""510""","=""""",,"=""""","=""""",,"=""""","=""L3475""",
"=""299.765""","=""""","=""260""","=""""",,"=""""","=""""",,"=""""","=""L3475""",
"=""301.307""","=""""","=""330""","=""""",,"=""""","=""""",,"=""""","=""L3475""",
"=""301.725""","=""""","=""570""","=""""",,"=""""","=""""",,"=""""","=""L3475""",
"=""301.804""","=""""","=""4400""","=""""",,"=""""","=""""",,"=""""","=""L3475""",
"=""301.938""","=""""","=""480""","=""""",,"=""""","=""""",,"=""""","=""L3475""",
"=""303.070""","=""""","=""1100""","=""""",,"=""""","=""""",,"=""""","=""L3475""",
"=""304.090""","=""""","=""2900""","=""""",,"=""""","=""""",,"=""""","=""L3475""",
"=""304.350""","=""""","=""210""","=""""",,"=""""","=""""",,"=""""","=""L3475""",
"=""304.946""","=""""","=""230""","=""""",,"=""""","=""""",,"=""""","=""L3475""",
"=""305.039""","=""""","=""210""","=""""",,"=""""","=""""",,"=""""","=""L3475""",
"=""305.866""","=""""","=""8600""","=""""",,"=""""","=""""",,"=""""","=""L3475""",
"=""306.030""","=""""","=""290""","=""""",,"=""""","=""""",,"=""""","=""L3475""",
"=""306.219""","=""""","=""570""","=""""",,"=""""","=""""",,"=""""","=""L3475""",
"=""306.994""","=""""","=""210""","=""""",,"=""""","=""""",,"=""""","=""L3475""",
"=""307.408""","=""""","=""360""","=""""",,"=""""","=""""",,"=""""","=""L3475""",
"=""307.496""","=""""","=""290""","=""""",,"=""""","=""""",,"=""""","=""L3475""",
"=""307.744""","=""""","=""290""","=""""",,"=""""","=""""",,"=""""","=""L3475""",
"=""307.772""","=""""","=""1100""","=""""",,"=""""","=""""",,"=""""","=""L3475""",
"=""307.811""","=""""","=""360""","=""""",,"=""""","=""""",,"=""""","=""L3475""",
"=""307.838""","=""""","=""230""","=""""",,"=""""","=""""",,"=""""","=""L3475""",
"=""309.008""","=""""","=""230""","=""""",,"=""""","=""""",,"=""""","=""L3475""",
"=""309.359""","=""""","=""270""","=""""",,"=""""","=""""",,"=""""","=""L3475""",
"=""310.153""","=""""","=""310""","=""""",,"=""""","=""""",,"=""""","=""L3475""",
"=""310.599""","=""""","=""360""","=""""",,"=""""","=""""",,"=""""","=""L3475""",
"=""310.898""","=""""","=""310""","=""""",,"=""""","=""""",,"=""""","=""L3475""",
"=""310.938""","=""""","=""620""","=""""",,"=""""","=""""",,"=""""","=""L3475""",
"=""311.109""","=""""","=""250""","=""""",,"=""""","=""""",,"=""""","=""L3475""",
"=""311.833""","=""""","=""310""","=""""",,"=""""","=""""",,"=""""","=""L3475""",
"=""313.112""","=""""","=""480""","=""""",,"=""""","=""""",,"=""""","=""L3475""",
"=""315.267""","=""""","=""250""","=""""",,"=""""","=""""",,"=""""","=""L3475""",
"=""315.361""","=""""","=""290""","=""""",,"=""""","=""""",,"=""""","=""L3475""",
"=""315.625""","=""""","=""3100""","=""""",,"=""""","=""""",,"=""""","=""L3475""",
"=""315.678""","=""""","=""250""","=""""",,"=""""","=""""",,"=""""","=""L3475""",
"=""316.651""","=""""","=""310""","=""""",,"=""""","=""""",,"=""""","=""L3475""",
"=""317.806""","=""""","=""420""","=""""",,"=""""","=""""",,"=""""","=""L3475""",
"=""318.188""","=""""","=""230""","=""""",,"=""""","=""""",,"=""""","=""L3475""",
"=""318.533""","=""""","=""230""","=""""",,"=""""","=""""",,"=""""","=""L3475""",
"=""318.698""","=""""","=""310""","=""""",,"=""""","=""""",,"=""""","=""L3475""",
"=""318.946""","=""""","=""310""","=""""",,"=""""","=""""",,"=""""","=""L3475""",
"=""319.423""","=""""","=""310""","=""""",,"=""""","=""""",,"=""""","=""L3475""",
"=""323.206""","=""""","=""1900""","=""""",,"=""""","=""""",,"=""""","=""L3475""",
"=""323.863""","=""""","=""290""","=""""",,"=""""","=""""",,"=""""","=""L3475""",
"=""324.104""","=""""","=""190""","=""""",,"=""""","=""""",,"=""""","=""L3475""",
"=""324.800""","=""""","=""120""","=""""",,"=""""","=""""",,"=""""","=""L3475""",
"=""325.491""","=""""","=""190""","=""""",,"=""""","=""""",,"=""""","=""L3475""",
"=""325.692""","=""""","=""190""","=""""",,"=""""","=""""",,"=""""","=""L3475""",
"=""326.030""","=""""","=""190""","=""""",,"=""""","=""""",,"=""""","=""L3475""",
"=""326.229""","=""""","=""3100""","=""""",,"=""""","=""""",,"=""""","=""L3475""",
"=""326.275""","=""""","=""380""","=""""",,"=""""","=""""",,"=""""","=""L3475""",
"=""326.794""","=""""","=""3100""","=""""",,"=""""","=""""",,"=""""","=""L3475""",
"=""326.921""","=""""","=""620""","=""""",,"=""""","=""""",,"=""""","=""L3475""",
"=""327.216""","=""""","=""190""","=""""",,"=""""","=""""",,"=""""","=""L3475""",
"=""327.520""","=""""","=""530""","=""""",,"=""""","=""""",,"=""""","=""L3475""",
"=""327.797""","=""""","=""330""","=""""",,"=""""","=""""",,"=""""","=""L3475""",
"=""328.884""","=""""","=""190""","=""""",,"=""""","=""""",,"=""""","=""L3475""",
"=""329.026""","=""""","=""1200""","=""""",,"=""""","=""""",,"=""""","=""L3475""",
"=""330.156""","=""""","=""7600""","=""""",,"=""""","=""""",,"=""""","=""L3475""",
"=""330.623""","=""""","=""250""","=""""",,"=""""","=""""",,"=""""","=""L3475""",
"=""331.091""","=""""","=""620""","=""""",,"=""""","=""""",,"=""""","=""L3475""",
"=""331.542""","=""""","=""120""","=""""",,"=""""","=""""",,"=""""","=""L3475""",
"=""332.433""","=""""","=""250""","=""""",,"=""""","=""""",,"=""""","=""L3475""",
"=""332.742""","=""""","=""310""","=""""",,"=""""","=""""",,"=""""","=""L3475""",
"=""333.615""","=""""","=""960""","=""""",,"=""""","=""""",,"=""""","=""L3475""",
"=""335.174""","=""""","=""110""","=""""",,"=""""","=""""",,"=""""","=""L3475""",
"=""335.797""","=""""","=""230""","=""""",,"=""""","=""""",,"=""""","=""L3475""",
"=""336.115""","=""""","=""250""","=""""",,"=""""","=""""",,"=""""","=""L3475""",
"=""336.412""","=""""","=""190""","=""""",,"=""""","=""""",,"=""""","=""L3475""",
"=""337.020""","=""""","=""120""","=""""",,"=""""","=""""",,"=""""","=""L3475""",
"=""337.059""","=""""","=""960""","=""""",,"=""""","=""""",,"=""""","=""L3475""",
"=""337.208""","=""""","=""160""","=""""",,"=""""","=""""",,"=""""","=""L3475""",
"=""337.868""","=""""","=""120""","=""""",,"=""""","=""""",,"=""""","=""L3475""",
"=""338.400""","=""""","=""310""","=""""",,"=""""","=""""",,"=""""","=""L3475""",
"=""338.594""","=""""","=""190""","=""""",,"=""""","=""""",,"=""""","=""L3475""",
"=""338.784""","=""""","=""620""","=""""",,"=""""","=""""",,"=""""","=""L3475""",
"=""340.117""","=""""","=""120""","=""""",,"=""""","=""""",,"=""""","=""L3475""",
"=""340.186""","=""""","=""620""","=""""",,"=""""","=""""",,"=""""","=""L3475""",
"=""340.251""","=""""","=""250""","=""""",,"=""""","=""""",,"=""""","=""L3475""",
"=""340.876""","=""""","=""120""","=""""",,"=""""","=""""",,"=""""","=""L3475""",
"=""341.274""","=""""","=""120""","=""""",,"=""""","=""""",,"=""""","=""L3475""",
"=""342.169""","=""""","=""120""","=""""",,"=""""","=""""",,"=""""","=""L3475""",
"=""342.767""","=""""","=""150""","=""""",,"=""""","=""""",,"=""""","=""L3475""",
"=""344.060""","=""""","=""250""","=""""",,"=""""","=""""",,"=""""","=""L3475""",
"=""344.446""","=""""","=""120""","=""""",,"=""""","=""""",,"=""""","=""L3475""",
"=""344.555""","=""""","=""160""","=""""",,"=""""","=""""",,"=""""","=""L3475""",
"=""344.920""","=""""","=""310""","=""""",,"=""""","=""""",,"=""""","=""L3475""",
"=""345.838""","=""""","=""120""","=""""",,"=""""","=""""",,"=""""","=""L3475""",
"=""346.544""","=""""","=""120""","=""""",,"=""""","=""""",,"=""""","=""L3475""",
"=""347.853""","=""""","=""120""","=""""",,"=""""","=""""",,"=""""","=""L3475""",
"=""348.211""","=""""","=""120""","=""""",,"=""""","=""""",,"=""""","=""L3475""",
"=""348.746""","=""""","=""120""","=""""",,"=""""","=""""",,"=""""","=""L3475""",
"=""349.854""","=""""","=""160""","=""""",,"=""""","=""""",,"=""""","=""L3475""",
"=""350.116""","=""""","=""250""","=""""",,"=""""","=""""",,"=""""","=""L3475""",
"=""350.466""","=""""","=""620""","=""""",,"=""""","=""""",,"=""""","=""L3475""",
"=""351.299""","=""""","=""440""","=""""",,"=""""","=""""",,"=""""","=""L3475""",
"=""351.872""","=""""","=""310""","=""""",,"=""""","=""""",,"=""""","=""L3475""",
"=""352.000""","=""""","=""120""","=""""",,"=""""","=""""",,"=""""","=""L3475""",
"=""352.364""","=""""","=""480""","=""""",,"=""""","=""""",,"=""""","=""L3475""",
"=""352.604""","=""""","=""120""","=""""",,"=""""","=""""",,"=""""","=""L3475""",
"=""352.860""","=""""","=""1200""","=""""",,"=""""","=""""",,"=""""","=""L3475""",
"=""353.006""","=""""","=""230""","=""""",,"=""""","=""""",,"=""""","=""L3475""",
"=""353.280""","=""""","=""230""","=""""",,"=""""","=""""",,"=""""","=""L3475""",
"=""353.341""","=""""","=""120""","=""""",,"=""""","=""""",,"=""""","=""L3475""",
"=""354.271""","=""""","=""230""","=""""",,"=""""","=""""",,"=""""","=""L3475""",
"=""355.979""","=""""","=""960""","=""""",,"=""""","=""""",,"=""""","=""L3475""",
"=""356.086""","=""""","=""1200""","=""""",,"=""""","=""""",,"=""""","=""L3475""",
"=""356.234""","=""""","=""120""","=""""",,"=""""","=""""",,"=""""","=""L3475""",
"=""356.978""","=""""","=""310""","=""""",,"=""""","=""""",,"=""""","=""L3475""",
"=""357.408""","=""""","=""120""","=""""",,"=""""","=""""",,"=""""","=""L3475""",
"=""358.732""","=""""","=""120""","=""""",,"=""""","=""""",,"=""""","=""L3475""",
"=""359.811""","=""""","=""620""","=""""",,"=""""","=""""",,"=""""","=""L3475""",
"=""360.183""","=""""","=""190""","=""""",,"=""""","=""""",,"=""""","=""L3475""",
"=""361.657""","=""""","=""250""","=""""",,"=""""","=""""",,"=""""","=""L3475""",
"=""361.943""","=""""","=""120""","=""""",,"=""""","=""""",,"=""""","=""L3475""",
"=""364.033""","=""""","=""450""","=""""",,"=""""","=""""",,"=""""","=""L3475""",
"=""365.449""","=""""","=""230""","=""""",,"=""""","=""""",,"=""""","=""L3475""",
"=""365.690""","=""""","=""330""","=""""",,"=""""","=""""",,"=""""","=""L3475""",
"=""366.631""","=""""","=""120""","=""""",,"=""""","=""""",,"=""""","=""L3475""",
"=""367.089""","=""""","=""480""","=""""",,"=""""","=""""",,"=""""","=""L3475""",
"=""367.545""","=""""","=""120""","=""""",,"=""""","=""""",,"=""""","=""L3475""",
"=""368.906""","=""""","=""250""","=""""",,"=""""","=""""",,"=""""","=""L3475""",
"=""370.325""","=""""","=""190""","=""""",,"=""""","=""""",,"=""""","=""L3475""",
"=""370.656""","=""""","=""120""","=""""",,"=""""","=""""",,"=""""","=""L3475""",
"=""370.914""","=""""","=""120""","=""""",,"=""""","=""""",,"=""""","=""L3475""",
"=""371.373""","=""""","=""230""","=""""",,"=""""","=""""",,"=""""","=""L3475""",
"=""371.952""","=""""","=""210""","=""""",,"=""""","=""""",,"=""""","=""L3475""",
"=""372.013""","=""""","=""230""","=""""",,"=""""","=""""",,"=""""","=""L3475""",
"=""374.647""","=""""","=""180""","=""""",,"=""""","=""""",,"=""""","=""L3475""",
"=""375.252""","=""""","=""3700""","=""""",,"=""""","=""""",,"=""""","=""L3475""",
"=""375.712""","=""""","=""100""","=""""",,"=""""","=""""",,"=""""","=""L3475""",
"=""376.630""","=""""","=""130""","=""""",,"=""""","=""""",,"=""""","=""L3475""",
"=""376.814""","=""""","=""120""","=""""",,"=""""","=""""",,"=""""","=""L3475""",
"=""377.440""","=""""","=""120""","=""""",,"=""""","=""""",,"=""""","=""L3475""",
"=""377.462""","=""""","=""110""","=""""",,"=""""","=""""",,"=""""","=""L3475""",
"=""377.625""","=""""","=""120""","=""""",,"=""""","=""""",,"=""""","=""L3475""",
"=""377.699""","=""""","=""290""","=""""",,"=""""","=""""",,"=""""","=""L3475""",
"=""378.220""","=""""","=""2100""","=""""",,"=""""","=""""",,"=""""","=""L3475""",
"=""379.014""","=""""","=""620""","=""""",,"=""""","=""""",,"=""""","=""L3475""",
"=""379.073""","=""""","=""180""","=""""",,"=""""","=""""",,"=""""","=""L3475""",
"=""379.391""","=""""","=""370""","=""""",,"=""""","=""""",,"=""""","=""L3475""",
"=""383.606""","=""""","=""250""","=""""",,"=""""","=""""",,"=""""","=""L3475""",
"=""384.030""","=""""","=""150""","=""""",,"=""""","=""""",,"=""""","=""L3475""",
"=""384.129""","=""""","=""150""","=""""",,"=""""","=""""",,"=""""","=""L3475""",
"=""384.994""","=""""","=""190""","=""""",,"=""""","=""""",,"=""""","=""L3475""",
"=""385.709""","=""""","=""230""","=""""",,"=""""","=""""",,"=""""","=""L3475""",
"=""386.547""","=""""","=""230""","=""""",,"=""""","=""""",,"=""""","=""L3475""",
"=""387.677""","=""""","=""730""","=""""",,"=""""","=""""",,"=""""","=""L3475""",
"=""388.186""","=""""","=""250""","=""""",,"=""""","=""""",,"=""""","=""L3475""",
"=""390.039""","=""""","=""140""","=""""",,"=""""","=""""",,"=""""","=""L3475""",
"=""390.171""","=""""","=""190""","=""""",,"=""""","=""""",,"=""""","=""L3475""",
"=""393.000""","=""""","=""100""","=""""",,"=""""","=""""",,"=""""","=""L3475""",
"=""393.859""","=""""","=""250""","=""""",,"=""""","=""""",,"=""""","=""L3475""",
"=""394.978""","=""""","=""100""","=""""",,"=""""","=""""",,"=""""","=""L3475""",
"=""396.102""","=""""","=""200""","=""""",,"=""""","=""""",,"=""""","=""L3475""",
"=""396.363""","=""""","=""1000""","=""""",,"=""""","=""""",,"=""""","=""L3475""",
"=""396.496""","=""""","=""100""","=""""",,"=""""","=""""",,"=""""","=""L3475""",
"=""396.967""","=""""","=""150""","=""""",,"=""""","=""""",,"=""""","=""L3475""",
"=""397.544""","=""""","=""110w""","=""""",,"=""""","=""""",,"=""""","=""L3475""",
"=""397.723""","=""""","=""730""","=""""",,"=""""","=""""",,"=""""","=""L3475""",
"=""398.818""","=""""","=""100""","=""""",,"=""""","=""""",,"=""""","=""L3475""",
"=""400.348""","=""""","=""150""","=""""",,"=""""","=""""",,"=""""","=""L3475""",
"=""400.402""","=""""","=""100""","=""""",,"=""""","=""""",,"=""""","=""L3475""",
"=""400.516""","=""""","=""150""","=""""",,"=""""","=""""",,"=""""","=""L3475""",
"=""401.826""","=""""","=""160""","=""""",,"=""""","=""""",,"=""""","=""L3475""",
"=""403.784""","=""""","=""100""","=""""",,"=""""","=""""",,"=""""","=""L3475""",
"=""404.192""","=""""","=""280""","=""""",,"=""""","=""""",,"=""""","=""L3475""",
"=""404.805""","=""""","=""160""","=""""",,"=""""","=""""",,"=""""","=""L3475""",
"=""406.669""","=""""","=""960""","=""""",,"=""""","=""""",,"=""""","=""L3475""",
"=""407.086""","=""""","=""250""","=""""",,"=""""","=""""",,"=""""","=""L3475""",
"=""407.156""","=""""","=""190""","=""""",,"=""""","=""""",,"=""""","=""L3475""",
"=""407.468""","=""""","=""230""","=""""",,"=""""","=""""",,"=""""","=""L3475""",
"=""409.182""","=""""","=""490""","=""""",,"=""""","=""""",,"=""""","=""L3475""",
"=""410.030""","=""""","=""120""","=""""",,"=""""","=""""",,"=""""","=""L3475""",
"=""411.202""","=""""","=""1200""","=""""",,"=""""","=""""",,"=""""","=""L3475""",
"=""412.460""","=""""","=""180""","=""""",,"=""""","=""""",,"=""""","=""L3475""",
"=""412.896""","=""""","=""180""","=""""",,"=""""","=""""",,"=""""","=""L3475""",
"=""413.578""","=""""","=""2500""","=""""",,"=""""","=""""",,"=""""","=""L3475""",
"=""413.784""","=""""","=""150""","=""""",,"=""""","=""""",,"=""""","=""L3475""",
"=""417.257""","=""""","=""180""","=""""",,"=""""","=""""",,"=""""","=""L3475""",
"=""417.323""","=""""","=""1200""","=""""",,"=""""","=""""",,"=""""","=""L3475""",
"=""417.563""","=""""","=""620""","=""""",,"=""""","=""""",,"=""""","=""L3475""",
"=""418.413""","=""""","=""120""","=""""",,"=""""","=""""",,"=""""","=""L3475""",
"=""418.991""","=""""","=""320""","=""""",,"=""""","=""""",,"=""""","=""L3475""",
"=""420.145""","=""""","=""180""","=""""",,"=""""","=""""",,"=""""","=""L3475""",
"=""420.206""","=""""","=""250""","=""""",,"=""""","=""""",,"=""""","=""L3475""",
"=""421.186""","=""""","=""1200""","=""""",,"=""""","=""""",,"=""""","=""L3475""",
"=""421.386""","=""""","=""120""","=""""",,"=""""","=""""",,"=""""","=""L3475""",
"=""421.516""","=""""","=""100""","=""""",,"=""""","=""""",,"=""""","=""L3475""",
"=""423.346""","=""""","=""170""","=""""",,"=""""","=""""",,"=""""","=""L3475""",
"=""426.085""","=""""","=""4900""","=""""",,"=""""","=""""",,"=""""","=""L3475""",
"=""426.475""","=""""","=""100""","=""""",,"=""""","=""""",,"=""""","=""L3475""",
"=""426.961""","=""""","=""120""","=""""",,"=""""","=""""",,"=""""","=""L3475""",
"=""428.590""","=""""","=""100""","=""""",,"=""""","=""""",,"=""""","=""L3475""",
"=""429.395""","=""""","=""560""","=""""",,"=""""","=""""",,"=""""","=""L3475""",
"=""431.140""","=""""","=""560""","=""""",,"=""""","=""""",,"=""""","=""L3475""",
"=""432.625""","=""""","=""110""","=""""",,"=""""","=""""",,"=""""","=""L3475""",
"=""432.868""","=""""","=""340""","=""""",,"=""""","=""""",,"=""""","=""L3475""",
"=""433.875""","=""""","=""100""","=""""",,"=""""","=""""",,"=""""","=""L3475""",
"=""435.153""","=""""","=""100""","=""""",,"=""""","=""""",,"=""""","=""L3475""",
"=""436.567""","=""""","=""210""","=""""",,"=""""","=""""",,"=""""","=""L3475""",
"=""437.066""","=""""","=""110""","=""""",,"=""""","=""""",,"=""""","=""L3475""",
"=""439.486""","=""""","=""520""","=""""",,"=""""","=""""",,"=""""","=""L3475""",
"=""439.726""","=""""","=""160""","=""""",,"=""""","=""""",,"=""""","=""L3475""",
"=""440.274""","=""""","=""160""","=""""",,"=""""","=""""",,"=""""","=""L3475""",
"=""442.047""","=""""","=""4900""","=""""",,"=""""","=""""",,"=""""","=""L3475""",
"=""443.241""","=""""","=""100""","=""""",,"=""""","=""""",,"=""""","=""L3475""",
"=""443.632""","=""""","=""290""","=""""",,"=""""","=""""",,"=""""","=""L3475""",
"=""443.964""","=""""","=""100""","=""""",,"=""""","=""""",,"=""""","=""L3475""",
"=""444.735""","=""""","=""230""","=""""",,"=""""","=""""",,"=""""","=""L3475""",
"=""448.476""","=""""","=""120""","=""""",,"=""""","=""""",,"=""""","=""L3475""",
"=""454.866""","=""""","=""110""","=""""",,"=""""","=""""",,"=""""","=""L3475""",
"=""455.041""","=""""","=""540""","=""""",,"=""""","=""""",,"=""""","=""L3475""",
"=""455.130""","=""""","=""140""","=""""",,"=""""","=""""",,"=""""","=""L3475""",
"=""461.678""","=""""","=""170""","=""""",,"=""""","=""""",,"=""""","=""L3475""",
"=""463.183""","=""""","=""170""","=""""",,"=""""","=""""",,"=""""","=""L3475""",
"=""466.382""","=""""","=""140""","=""""",,"=""""","=""""",,"=""""","=""L3475""",
"=""479.399""","=""""","=""670""","=""""",,"=""""","=""""",,"=""""","=""L3475""",
"=""486.560""","=""""","=""110""","=""""",,"=""""","=""""",,"=""""","=""L3475""",
"=""503.183""","=""""","=""55""","=""""",,"=""""","=""""",,"=""""","=""L3475""",
"=""503.912""","=""""","=""45""","=""""",,"=""""","=""""",,"=""""","=""L3475""",
"=""507.288""","=""""","=""35""","=""""",,"=""""","=""""",,"=""""","=""L3475""",
"=""507.477""","=""""","=""35""","=""""",,"=""""","=""""",,"=""""","=""L3475""",
"=""507.909""","=""""","=""35""","=""""",,"=""""","=""""",,"=""""","=""L3475""",
"=""510.350""","=""""","=""90""","=""""",,"=""""","=""""",,"=""""","=""L3475""",
"=""511.081""","=""""","=""55""","=""""",,"=""""","=""""",,"=""""","=""L3475""",
"=""512.223""","=""""","=""22""","=""""",,"=""""","=""""",,"=""""","=""L3475""",
"=""514.554""","=""""","=""22""","=""""",,"=""""","=""""",,"=""""","=""L3475""",
"=""514.974""","=""""","=""140""","=""""",,"=""""","=""""",,"=""""","=""L3475""",
"=""515.201""","=""""","=""28""","=""""",,"=""""","=""""",,"=""""","=""L3475""",
"=""516.898""","=""""","=""28""","=""""",,"=""""","=""""",,"=""""","=""L3475""",
"=""519.352""","=""""","=""40""","=""""",,"=""""","=""""",,"=""""","=""L3475""",
"=""520.263""","=""""","=""270""","=""""",,"=""""","=""""",,"=""""","=""L3475""",
"=""520.323""","=""""","=""35""","=""""",,"=""""","=""""",,"=""""","=""L3475""",
"=""525.582""","=""""","=""45""","=""""",,"=""""","=""""",,"=""""","=""L3475""",
"=""526.515""","=""""","=""55""","=""""",,"=""""","=""""",,"=""""","=""L3475""",
"=""528.389""","=""""","=""20""","=""""",,"=""""","=""""",,"=""""","=""L3475""",
"=""529.565""","=""""","=""20""","=""""",,"=""""","=""""",,"=""""","=""L3475""",
"=""529.878""","=""""","=""40""","=""""",,"=""""","=""""",,"=""""","=""L3475""",
"=""530.258""","=""""","=""13""","=""""",,"=""""","=""""",,"=""""","=""L3475""",
"=""533.623""","=""""","=""18""","=""""",,"=""""","=""""",,"=""""","=""L3475""",
"=""534.603""","=""""","=""11""","=""""",,"=""""","=""""",,"=""""","=""L3475""",
"=""535.225""","=""""","=""13""","=""""",,"=""""","=""""",,"=""""","=""L3475""",
"=""537.679""","=""""","=""110""","=""""",,"=""""","=""""",,"=""""","=""L3475""",
"=""540.343""","=""""","=""16""","=""""",,"=""""","=""""",,"=""""","=""L3475""",
"=""541.214""","=""""","=""13""","=""""",,"=""""","=""""",,"=""""","=""L3475""",
"=""541.634""","=""""","=""120""","=""""",,"=""""","=""""",,"=""""","=""L3475""",
"=""541.669""","=""""","=""45""","=""""",,"=""""","=""""",,"=""""","=""L3475""",
"=""541.751""","=""""","=""28""","=""""",,"=""""","=""""",,"=""""","=""L3475""",
"=""544.182""","=""""","=""16""","=""""",,"=""""","=""""",,"=""""","=""L3475""",
"=""544.331""","=""""","=""55""","=""""",,"=""""","=""""",,"=""""","=""L3475""",
"=""544.693""","=""""","=""22""","=""""",,"=""""","=""""",,"=""""","=""L3475""",
"=""544.776""","=""""","=""11""","=""""",,"=""""","=""""",,"=""""","=""L3475""",
"=""544.937""","=""""","=""20""","=""""",,"=""""","=""""",,"=""""","=""L3475""",
"=""545.340""","=""""","=""20""","=""""",,"=""""","=""""",,"=""""","=""L3475""",
"=""545.730""","=""""","=""22""","=""""",,"=""""","=""""",,"=""""","=""L3475""",
"=""547.000""","=""""","=""28""","=""""",,"=""""","=""""",,"=""""","=""L3475""",
"=""547.458""","=""""","=""13""","=""""",,"=""""","=""""",,"=""""","=""L3475""",
"=""547.513""","=""""","=""13""","=""""",,"=""""","=""""",,"=""""","=""L3475""",
"=""547.727""","=""""","=""9""","=""""",,"=""""","=""""",,"=""""","=""L3475""",
"=""548.185""","=""""","=""16""","=""""",,"=""""","=""""",,"=""""","=""L3475""",
"=""550.933""","=""""","=""22""","=""""",,"=""""","=""""",,"=""""","=""L3475""",
"=""551.601""","=""""","=""9""","=""""",,"=""""","=""""",,"=""""","=""L3475""",
"=""552.353""","=""""","=""270""","=""""",,"=""""","=""""",,"=""""","=""L3475""",
"=""554.682""","=""""","=""22""","=""""",,"=""""","=""""",,"=""""","=""L3475""",
"=""554.979""","=""""","=""9""","=""""",,"=""""","=""""",,"=""""","=""L3475""",
"=""555.288""","=""""","=""13""","=""""",,"=""""","=""""",,"=""""","=""L3475""",
"=""556.062""","=""""","=""11""","=""""",,"=""""","=""""",,"=""""","=""L3475""",
"=""558.066""","=""""","=""16""","=""""",,"=""""","=""""",,"=""""","=""L3475""",
"=""558.444""","=""""","=""80""","=""""",,"=""""","=""""",,"=""""","=""L3475""",
"=""560.050""","=""""","=""8""","=""""",,"=""""","=""""",,"=""""","=""L3475""",
"=""562.008""","=""""","=""35""","=""""",,"=""""","=""""",,"=""""","=""L3475""",
"=""563.741""","=""""","=""9""","=""""",,"=""""","=""""",,"=""""","=""L3475""",
"=""564.256""","=""""","=""22""","=""""",,"=""""","=""""",,"=""""","=""L3475""",
"=""564.525""","=""""","=""28""","=""""",,"=""""","=""""",,"=""""","=""L3475""",
"=""564.898""","=""""","=""7""","=""""",,"=""""","=""""",,"=""""","=""L3475""",
"=""566.021""","=""""","=""9""","=""""",,"=""""","=""""",,"=""""","=""L3475""",
"=""567.438""","=""""","=""7""","=""""",,"=""""","=""""",,"=""""","=""L3475""",
"=""568.088""","=""""","=""28""","=""""",,"=""""","=""""",,"=""""","=""L3475""",
"=""570.937""","=""""","=""11""","=""""",,"=""""","=""""",,"=""""","=""L3475""",
"=""572.193""","=""""","=""170""","=""""",,"=""""","=""""",,"=""""","=""L3475""",
"=""573.789""","=""""","=""8""","=""""",,"=""""","=""""",,"=""""","=""L3475""",
"=""573.972""","=""""","=""8""","=""""",,"=""""","=""""",,"=""""","=""L3475""",
"=""576.505""","=""""","=""22""","=""""",,"=""""","=""""",,"=""""","=""L3475""",
"=""578.082""","=""""","=""170""","=""""",,"=""""","=""""",,"=""""","=""L3475""",
"=""580.060""","=""""","=""40""","=""""",,"=""""","=""""",,"=""""","=""L3475""",
"=""584.249""","=""""","=""8""","=""""",,"=""""","=""""",,"=""""","=""L3475""",
"=""585.776""","=""""","=""110""","=""""",,"=""""","=""""",,"=""""","=""L3475""",
"=""586.064""","=""""","=""28""","=""""",,"=""""","=""""",,"=""""","=""L3475""",
"=""588.292""","=""""","=""11""","=""""",,"=""""","=""""",,"=""""","=""L3475""",
"=""590.398""","=""""","=""11""","=""""",,"=""""","=""""",,"=""""","=""L3475""",
"=""590.684""","=""""","=""11""","=""""",,"=""""","=""""",,"=""""","=""L3475""",
"=""590.895""","=""""","=""7""","=""""",,"=""""","=""""",,"=""""","=""L3475""",
"=""598.136""","=""""","=""7""","=""""",,"=""""","=""""",,"=""""","=""L3475""",
"=""598.322""","=""""","=""11""","=""""",,"=""""","=""""",,"=""""","=""L3475""",
"=""599.600""","=""""","=""65""","=""""",,"=""""","=""""",,"=""""","=""L3475""",
"=""601.579""","=""""","=""20""","=""""",,"=""""","=""""",,"=""""","=""L3475""",
"=""605.463""","=""""","=""7""","=""""",,"=""""","=""""",,"=""""","=""L3475""",
"=""614.453""","=""""","=""20""","=""""",,"=""""","=""""",,"=""""","=""L3475""",
"=""615.803""","=""""","=""11""","=""""",,"=""""","=""""",,"=""""","=""L3475""",
"=""622.770""","=""""","=""35""","=""""",,"=""""","=""""",,"=""""","=""L3475""",
"=""624.170""","=""""","=""7""","=""""",,"=""""","=""""",,"=""""","=""L3475""",
"=""626.941""","=""""","=""22""","=""""",,"=""""","=""""",,"=""""","=""L3475""",
"=""627.494""","=""""","=""11""","=""""",,"=""""","=""""",,"=""""","=""L3475""",
"=""628.683""","=""""","=""11""","=""""",,"=""""","=""""",,"=""""","=""L3475""",
"=""639.886""","=""""","=""9""","=""""",,"=""""","=""""",,"=""""","=""L3475""",
"=""640.315""","=""""","=""22""","=""""",,"=""""","=""""",,"=""""","=""L3475""",
"=""644.813""","=""""","=""9""","=""""",,"=""""","=""""",,"=""""","=""L3475""",
"=""652.085""","=""""","=""6""","=""""",,"=""""","=""""",,"=""""","=""L3475""",
"=""652.887""","=""""","=""7""","=""""",,"=""""","=""""",,"=""""","=""L3475""",
"=""653.314""","=""""","=""7""","=""""",,"=""""","=""""",,"=""""","=""L3475""",
"=""653.830""","=""""","=""11""","=""""",,"=""""","=""""",,"=""""","=""L3475""",
"=""657.683""","=""""","=""11""","=""""",,"=""""","=""""",,"=""""","=""L3475""",
"=""661.456""","=""""","=""8""","=""""",,"=""""","=""""",,"=""""","=""L3475""",
"=""661.543""","=""""","=""4""","=""""",,"=""""","=""""",,"=""""","=""L3475""",
"=""666.181""","=""""","=""7""","=""""",,"=""""","=""""",,"=""""","=""L3475""",
"=""672.956""","=""""","=""27""","=""""",,"=""""","=""""",,"=""""","=""L3475""",
"=""679.153""","=""""","=""18""","=""""",,"=""""","=""""",,"=""""","=""L3475""",
"=""680.661""","=""""","=""14""","=""""",,"=""""","=""""",,"=""""","=""L3475""",
"=""687.870""","=""""","=""5""","=""""",,"=""""","=""""",,"=""""","=""L3475""",
"=""690.158""","=""""","=""4""","=""""",,"=""""","=""""",,"=""""","=""L3475""",
"=""695.602""","=""""","=""11""","=""""",,"=""""","=""""",,"=""""","=""L3475""",
"=""698.495""","=""""","=""6""","=""""",,"=""""","=""""",,"=""""","=""L3475""",
"=""706.067""","=""""","=""15""","=""""",,"=""""","=""""",,"=""""","=""L3475""",
"=""714.554""","=""""","=""22""","=""""",,"=""""","=""""",,"=""""","=""L3475""",
"=""714.989""","=""""","=""10""","=""""",,"=""""","=""""",,"=""""","=""L3475""",
"=""718.410""","=""""","=""4""","=""""",,"=""""","=""""",,"=""""","=""L3475""",
"=""720.633""","=""""","=""10""","=""""",,"=""""","=""""",,"=""""","=""L3475""",
"=""720.996""","=""""","=""5""","=""""",,"=""""","=""""",,"=""""","=""L3475""",
"=""725.116""","=""""","=""9""","=""""",,"=""""","=""""",,"=""""","=""L3475""",
"=""725.349""","=""""","=""6""","=""""",,"=""""","=""""",,"=""""","=""L3475""",
"=""737.507""","=""""","=""6""","=""""",,"=""""","=""""",,"=""""","=""L3475""",
"=""740.795""","=""""","=""9""","=""""",,"=""""","=""""",,"=""""","=""L3475""",
"=""760.295""","=""""","=""26""","=""""",,"=""""","=""""",,"=""""","=""L3475""",
"=""770.146""","=""""","=""4""","=""""",,"=""""","=""""",,"=""""","=""L3475""",
"=""778.996""","=""""","=""7""","=""""",,"=""""","=""""",,"=""""","=""L3475""",
"=""785.217""","=""""","=""7""","=""""",,"=""""","=""""",,"=""""","=""L3475""",
"=""798.120""","=""""","=""6""","=""""",,"=""""","=""""",,"=""""","=""L3475""",
"=""804.129""","=""""","=""7""","=""""",,"=""""","=""""",,"=""""","=""L3475""",
